-3.136210514744405486e+02
-3.054366867295139514e+02
-4.697098836285975381e+02
-8.125782843175302332e+02
-5.022019171260980102e+02
-2.771748613195115354e+02
-8.753561824245142589e+02
-7.734014035336925872e+02
-7.207452151695872544e+02
-7.768960618463376022e+02
-2.793371862985587200e+02
-5.543996465473071567e+02
-7.288244761190530880e+02
-8.680325327208250883e+02
-8.079635891036371049e+02
-7.442730909411150151e+02
-7.017391829509289209e+02
-1.352536756071193622e+03
-1.318427852285824656e+03
-5.157521027275899996e+02
-6.855824408661264897e+02
-1.165003749893531449e+03
-2.406732801347679924e+02
-9.029038908238590011e+02
-2.563393093432035243e+02
-2.405434097809971377e+02
-1.059854142053338819e+03
-5.358793886830123938e+02
-5.684731953125298105e+02
-2.759710712136944153e+02
-1.016782748274526398e+03
-6.350920105436254062e+02
-1.259079313217040635e+03
-4.487933582876406717e+02
-2.779594683249308673e+02
-6.738794812396135967e+02
-2.545838168816437701e+02
-7.897547043595830019e+02
-5.770971497514289013e+02
-9.130140806572397878e+02
-1.085095546112159582e+03
-2.801108434672109411e+02
-1.004072916813485676e+03
-5.694736000717978186e+02
-7.830890794066358467e+02
-4.745758889597856864e+02
-1.030438100987785901e+03
-7.495344725618415396e+02
-5.503423299162348030e+02
-4.978533698236194596e+02
-2.765223377100649600e+02
-1.131199933233978527e+03
-2.408191163442990614e+02
-7.548088511553618218e+02
-2.760729799325491172e+02
-2.574371463950001839e+02
-7.715023802390364835e+02
-8.461055002004351309e+02
-2.563449969187142869e+02
-6.723244361530042852e+02
-2.522362147403535175e+02
-5.013302693268707344e+02
-9.600877659513899971e+02
-6.298169429304268760e+02
-7.457380165524912172e+02
-1.407399967563634164e+03
-5.045529537220022576e+02
-1.424546953579477986e+03
-7.615430238357913595e+02
-2.551002197993192908e+02
-1.278813382130519130e+03
-6.662886387878006644e+02
-1.041087689623815095e+03
-6.370161078367837035e+02
-2.750852000398184600e+02
-1.402577642336694907e+03
-2.449708969180362601e+02
-2.759791164290507481e+02
-2.779510590769210694e+02
-8.328652747183062957e+02
-2.455529776353866964e+02
-2.765060907771494385e+02
-5.044506377945359077e+02
-7.186767368842273527e+02
-3.822623901946919887e+02
-1.153825528576249781e+03
-4.683368756419159809e+02
-5.337107726633822722e+02
-2.531901713797688274e+02
-4.573189801402618855e+02
-9.913229484392770701e+02
-5.626680939060751143e+02
-1.077578429803995505e+03
-1.938500897032235571e+03
-5.773213817763360112e+02
-7.768578063984408573e+02
-2.441212531485448949e+02
-6.696439996233046941e+02
-8.520491974049473356e+02
-8.071386445583368641e+02
