-1.091403190792037321e+03
-5.649398263343665576e+02
-7.300640282675808521e+02
-4.265343652411607422e+02
-1.019860613553972826e+03
-2.395087554930825604e+02
-6.475191263239256614e+02
-4.585588457325320064e+02
-7.864823622653660777e+02
-4.685040474960017036e+02
-2.411178228840742577e+02
-2.530984619699415248e+02
-2.750579828281544792e+02
-8.699708382240020228e+02
-7.022657433861961636e+02
-6.290201327056879563e+02
-6.209604516419753963e+02
-2.751117748426959224e+02
-6.271930569287039816e+02
-6.151220154576973300e+02
-2.768039264287793912e+02
-2.786838034972100786e+02
-8.945462488495802518e+02
-8.638459710661535382e+02
-2.787830349272143735e+02
-5.751748737077308533e+02
-7.839080927765185152e+02
-2.547453299102726874e+02
-1.145634608302018933e+03
-5.827141894600650858e+02
-8.442332240238331451e+02
-2.552112545155756038e+02
-9.134831221776116763e+02
-7.200402395501982937e+02
-6.160316875934255449e+02
-8.535269392806200131e+02
-2.779956623100117099e+02
-6.360342378605841986e+02
-6.969768698540843843e+02
-1.071105431205294053e+03
-1.048270885246215357e+03
-2.557807672422070482e+02
-1.089889526893114407e+03
-5.657564907360239204e+02
-7.485548530984939362e+02
-9.147704124555313001e+02
-2.529358040566026204e+02
-1.018057024933544085e+03
-9.874814737626336409e+02
-2.576873215049033661e+02
-1.255369824387991230e+03
-2.534913402343543396e+02
-4.792097311145739127e+02
-1.015641502062004406e+03
-7.570458076463860380e+02
-7.358069666806842406e+02
-8.557253776270389380e+02
-6.689889777220482756e+02
-1.150586569352714378e+03
-6.215032823330247993e+02
-1.006867113416342590e+03
-9.843540027086800137e+02
-2.573383453304173827e+02
-8.139605102955246139e+02
-9.097714120340240243e+02
-8.134806965233498204e+02
-2.787249802678276183e+02
-8.523510637732616715e+02
-6.014447099007187489e+02
-4.682760418815952335e+02
-9.137288483478694161e+02
-2.771300954241646082e+02
-6.396441719863171329e+02
-1.099572073651044775e+03
-2.546517372199623708e+02
-6.099990978832487372e+02
-8.028642219267276232e+02
-2.776727287708221752e+02
-1.143105863826988070e+03
-6.571221886224514037e+02
-2.559378511353362740e+02
-1.715506745591481604e+03
-5.352495030640437790e+02
-4.532867124072471938e+02
-2.411010760905348889e+02
-8.828532926161435626e+02
-8.261505077228958953e+02
-1.025370000429713173e+03
-7.573379652265385857e+02
-2.569330578534529081e+02
-6.167057237356854102e+02
-6.712072066456696575e+02
-2.576953517280451251e+02
-2.569819053407802016e+02
-6.049917493533093875e+02
-1.109837818572744254e+03
-8.186874047352368962e+02
-5.810203788420704996e+02
-3.292509841867444607e+02
-4.819964078047511293e+02
