-2.791939254744196433e+02
-2.541660189386249442e+02
-8.314006927662870794e+02
-7.823210274450113957e+02
-2.768015141308517286e+02
-6.197943743992717600e+02
-5.826062044177043617e+02
-5.248996063496356328e+02
-2.401998068459737112e+02
-5.818484339179348126e+02
-1.258237852256900396e+03
-7.772280476310774020e+02
-8.399159945918387393e+02
-1.149409959948551204e+03
-2.413522313733639066e+02
-7.219487437295917971e+02
-5.087096106516316354e+02
-2.554325897315256384e+02
-2.413345289873487900e+02
-1.337133448657764575e+03
-2.761242068124821003e+02
-1.223420194626635293e+03
-7.422394021363447791e+02
-2.551743394164832353e+02
-8.015011361006435209e+02
-7.610848290413121049e+02
-8.680405035055663348e+02
-6.231121869174833137e+02
-2.550632757997924500e+02
-7.454245619437174355e+02
-2.411108632476922651e+02
-2.555618294609013219e+02
-8.936380449965619164e+02
-5.274512390003019391e+02
-7.982533607384792731e+02
-1.119653608395907213e+03
-1.079513614081920196e+03
-2.744934800112309858e+02
-2.777055613989082872e+02
-2.769873290211189101e+02
-2.763721603394557178e+02
-2.555039639112356156e+02
-4.797985452172396776e+02
-2.784947119724033655e+02
-6.480940075034753818e+02
-2.742335799656223685e+02
-5.199992306920672718e+02
-2.540825802313748056e+02
-8.573212969725436778e+02
-6.743638585682020903e+02
-3.817525531746496767e+02
-2.561022618382456812e+02
-1.001057114908941230e+03
-2.539395445342845221e+02
-7.389073700196239542e+02
-2.554373147529215942e+02
-2.771319201807714308e+02
-9.225381034148657591e+02
-6.200962387708779033e+02
-6.287523042073972874e+02
-6.602869914128631308e+02
-2.772845305195824608e+02
-1.171731678207866707e+03
-5.731081347483172976e+02
-2.537114306163412891e+02
-2.772325876117547523e+02
-9.388773549115385322e+02
-9.116626668134998681e+02
-7.944201953992762810e+02
-6.182928087424602381e+02
-7.202976715097248643e+02
-5.071885355266962279e+02
-5.087749588421352769e+02
-8.135545151117753448e+02
-2.546905951912794421e+02
-4.581838257135722188e+02
-6.399271910494068152e+02
-1.322358603603512620e+03
-2.757232589755153640e+02
-2.576205906400148251e+02
-8.030332118232139464e+02
-2.392423710023501542e+02
-1.149355327078691971e+03
-6.708523444299429457e+02
-1.105216000756365702e+03
-7.047564993743168316e+02
-4.436984338596546422e+02
-6.045898195172242140e+02
-2.572311940674841821e+02
-9.150676640025868664e+02
-7.198414199401754558e+02
-1.080149614030412067e+03
-9.062435829834197420e+02
-8.385614403968969555e+02
-1.022030449552740379e+03
-3.842376837833477339e+02
-2.548666250803797197e+02
-2.763274936050580095e+02
-2.744138276886580456e+02
-2.549359960925353619e+02
