-2.568782376442418922e+02
-5.825598357168252051e+02
-7.753470648277593682e+02
-2.563270878361407199e+02
-8.743712868022023486e+02
-2.574326443894430554e+02
-2.783844038235580456e+02
-9.314509154412120324e+02
-6.047721205879498712e+02
-4.188932002017743912e+02
-7.723814045299440068e+02
-8.189643417499341922e+02
-7.072687341071294895e+02
-8.404812898591887915e+02
-1.145167652070179656e+03
-6.600446574353943561e+02
-1.296811711900958016e+03
-8.955614885271828598e+02
-4.760680181285503068e+02
-8.680636208837099730e+02
-2.760979490706928914e+02
-2.805172637431890621e+02
-2.798017262542040271e+02
-2.558305765238730203e+02
-2.795666803023497096e+02
-8.801655227022203007e+02
-5.661656834601692481e+02
-6.030487123561183580e+02
-2.564936206591043515e+02
-1.167496484768973687e+03
-5.667316045305204852e+02
-8.490479802230614723e+02
-4.214255110566904250e+02
-2.561601517408849418e+02
-5.742814031759024829e+02
-2.792465110222204316e+02
-2.825738044967853853e+02
-1.188777571542018904e+03
-6.270361721471995224e+02
-2.561465972053260316e+02
-4.929049105796918298e+02
-7.154638960914671770e+02
-5.154349201258796711e+02
-8.419431978487699553e+02
-4.052734268411949188e+02
-8.160690392108382412e+02
-8.191825132453139986e+02
-6.890206422503254089e+02
-1.152845959026449918e+03
-2.546231037357300124e+02
-2.815923319511868499e+02
-2.568465759900992680e+02
-1.171157337919655447e+03
-2.575398683490834060e+02
-1.014169540474558403e+03
-7.794484743218358744e+02
-3.046648673353921595e+02
-9.494360038697642494e+02
-2.547999141751745924e+02
-2.547440147969681732e+02
-8.270068512624876576e+02
-8.810412200862457439e+02
-7.587913722669943581e+02
-5.618813113204053025e+02
-2.571850349868545322e+02
-6.063983244954667953e+02
-2.557394474257874890e+02
-2.777805049240062658e+02
-7.290910149231365267e+02
-8.368110670606737358e+02
-2.789815031153601694e+02
-5.781219584773992892e+02
-9.989200307912186645e+02
-6.820533463771824927e+02
-7.907258668360536831e+02
-9.002922577227367356e+02
-5.160480036283063328e+02
-5.829196960731843546e+02
-2.578167642891894502e+02
-1.180779502272830541e+03
-9.511120998883726543e+02
-1.134406755350836420e+03
-5.642605366130450193e+02
-5.845913288588889145e+02
-2.564363094051890926e+02
-2.563949658014493593e+02
-2.596794154352867281e+02
-1.015564887143844999e+03
-9.820367328813260883e+02
-1.154395195548054517e+03
-6.599348758380789377e+02
-2.563671620218987641e+02
-8.806635409579347424e+02
-7.745830699586234687e+02
-8.275898372165120236e+02
-2.789339638862936113e+02
-2.598172364996755164e+02
-7.200737787802883076e+02
-9.297076368441801151e+02
-5.338300894022246439e+02
